
osobe <- data.frame("imena"=rep(rep(c("Ana","Ivana","Ante"),28),
                    "dani"=rep(rep(c("pon","uto","sri","cet","pet","sub","ned"),each=3),4),
                    "lokacije"=rep(rep(c("Split","Zagreb","Osijek","Dubrovnik"),21))
osobe
# #imena postaja    dubina     slucnorm    slucnorm
# 1    Ana     pon     Split -0.494047023  0.61047144
# 2  Ivana     pon     Split  0.866548965  0.55433127
# 3   Ante     pon     Split -1.435195263 -1.05394230
# 4    Ana     uto    Zagreb -0.006125149 -0.39553678
# 5  Ivana     uto    Zagreb -1.401841727 -0.51318039
# 6   Ante     uto    Zagreb  0.246003986  2.24171139
# 7    Ana     sri    Osijek -0.705028510 -0.63627994
# 8  Ivana     sri    Osijek  0.057578612  0.52827005
# 9   Ante     sri    Osijek -1.158777227  0.50170897
# 10   Ana     cet Dubrovnik -0.240147570  0.34495629
# 11 Ivana     cet Dubrovnik -0.700783381 -1.16249198
# 12  Ante     cet Dubrovnik  0.927280756 -0.75511243
# 13   Ana     pet     Split  0.187208720  1.00547802
# 14 Ivana     pet     Split -0.691433453 -0.09143721
# 15  Ante     pet     Split -1.207005695  1.10532721
# 16   Ana     sub    Zagreb  1.382333413 -0.09947975
# 17 Ivana     sub    Zagreb  0.678408453 -0.81060217
# 18  Ante     sub    Zagreb  0.174035455  1.47760140
# 19   Ana     ned    Osijek -0.913519709 -0.09477318
# 20 Ivana     ned    Osijek  0.093666322  0.94261425
# 21  Ante     ned    Osijek -1.812284490  1.78285424
# 22   Ana     pon Dubrovnik -2.155977025 -0.71775943
# 23 Ivana     pon Dubrovnik  0.747815629 -1.69287415
# 24  Ante     pon Dubrovnik -0.467691419 -0.32218231
# 25   Ana     uto     Split -0.013048481  1.29355371
# 26 Ivana     uto     Split -0.122468251  0.08031148
# 27  Ante     uto     Split -0.524610099  1.73312382
# 28   Ana     sri    Zagreb  1.292878519  0.13703211
# 29 Ivana     sri    Zagreb  1.118820139  0.23047392
# 30  Ante     sri    Zagreb -1.884842570  0.57532784
# 31   Ana     cet    Osijek -0.362648117  0.04546132
# 32 Ivana     cet    Osijek  0.940564927  0.48419457
# 33  Ante     cet    Osijek -0.253602115  1.48110299
# 34   Ana     pet Dubrovnik  0.194641514 -0.51201937
# 35 Ivana     pet Dubrovnik -1.506593003 -0.48283333
# 36  Ante     pet Dubrovnik  1.997899682  0.26455059
# 37   Ana     sub     Split  0.733201557 -0.66659027
# 38 Ivana     sub     Split  0.735210289 -1.01261427
# 39  Ante     sub     Split -1.142420958  0.03495021
# 40   Ana     ned    Zagreb -0.807677780 -0.70177536
# 41 Ivana     ned    Zagreb  0.172370403 -0.47417006
# 42  Ante     ned    Zagreb  0.245305372 -0.94509370
# 43   Ana     pon    Osijek -0.347305505 -3.23299722
# 44 Ivana     pon    Osijek -1.323981506  0.24315204
# 45  Ante     pon    Osijek -1.403366382  1.98255296
# 46   Ana     uto Dubrovnik -1.092253328 -0.59061538
# 47 Ivana     uto Dubrovnik -0.769807012 -0.87999852
# 48  Ante     uto Dubrovnik  2.137390643  0.24066432
# 49   Ana     sri     Split  2.951515459 -0.12732134
# 50 Ivana     sri     Split  1.619333812 -1.40955498
# 51  Ante     sri     Split  1.859058351  0.24291196
# 52   Ana     cet    Zagreb -1.223729892  1.62832194
# 53 Ivana     cet    Zagreb  0.190973998  0.25823226
# 54  Ante     cet    Zagreb  1.377949359  1.55189552
# 55   Ana     pet    Osijek -0.093483001 -0.41786929
# 56 Ivana     pet    Osijek  0.879175236 -0.98574734
# 57  Ante     pet    Osijek  1.862954022  0.03576461
# 58   Ana     sub Dubrovnik -1.221200429 -0.07309306
# 59 Ivana     sub Dubrovnik  0.134587959  2.26606344
# 60  Ante     sub Dubrovnik -0.049538374  1.84841172
# 61   Ana     ned     Split  1.001442587  0.58602107
# 62 Ivana     ned     Split  0.047120950  0.56365597
# 63  Ante     ned     Split  1.701463853 -1.50335370
# 64   Ana     pon    Zagreb -0.691268792 -0.04724536
# 65 Ivana     pon    Zagreb -0.015728953  1.77402663
# 66  Ante     pon    Zagreb  0.192054302 -0.71757073
# 67   Ana     uto    Osijek  2.316421839 -2.11235558
# 68 Ivana     uto    Osijek  0.016011264  0.82518950
# 69  Ante     uto    Osijek -0.430614471  1.68797452
# 70   Ana     sri Dubrovnik  1.958090211  0.56912734
# 71 Ivana     sri Dubrovnik -0.044794323  0.59985854
# 72  Ante     sri Dubrovnik  0.609288101  0.22892606
# 73   Ana     cet     Split -0.675020456  0.81642214
# 74 Ivana     cet     Split -0.362822456  0.05163246
# 75  Ante     cet     Split -1.120696673  0.42604942
# 76   Ana     pet    Zagreb  1.358318209 -0.28830099
# 77 Ivana     pet    Zagreb  1.014795624  0.23826001
# 78  Ante     pet    Zagreb  0.682875228 -0.82562728
# 79   Ana     sub    Osijek  1.122663339  0.99052485
# 80 Ivana     sub    Osijek  1.677991066 -0.75713095
# 81  Ante     sub    Osijek -1.040337359  0.14057454
# 82   Ana     ned Dubrovnik  1.548798047  0.45015712
# 83 Ivana     ned Dubrovnik -0.822268252  0.22199518
# 84  Ante     ned Dubrovnik -0.099837603 -0.05319374
osobe<-cbind(osobe,"slucnorm"=(rnorm(84)))
# 75  Ante     cet     Split -1.120696673  0.42604942
> # 76   Ana     pet    Zagreb  1.358318209 -0.28830099
  > # 77 Ivana     pet    Zagreb  1.014795624  0.23826001
  > # 78  Ante     pet    Zagreb  0.682875228 -0.82562728
  > # 79   Ana     sub    Osijek  1.122663339  0.99052485
  > # 80 Ivana     sub    Osijek  1.677991066 -0.75713095
  > # 81  Ante     sub    Osijek -1.040337359  0.14057454
  > # 82   Ana     ned Dubrovnik  1.548798047  0.45015712
  > # 83 Ivana     ned Dubrovnik -0.822268252  0.22199518
  > # 84  Ante     ned Dubrovnik -0.099837603 -0.05319374
osobe[osobe$imena=="Ana", c("postaja", "dubina")] 
> # 75  Ante     cet     Split -1.120696673  0.42604942
  > # 76   Ana     pet    Zagreb  1.358318209 -0.28830099
  > # 77 Ivana     pet    Zagreb  1.014795624  0.23826001
  > # 78  Ante     pet    Zagreb  0.682875228 -0.82562728
  > # 79   Ana     sub    Osijek  1.122663339  0.99052485
  > # 80 Ivana     sub    Osijek  1.677991066 -0.75713095
  > # 81  Ante     sub    Osijek -1.040337359  0.14057454
  > # 82   Ana     ned Dubrovnik  1.548798047  0.45015712
  > # 83 Ivana     ned Dubrovnik -0.822268252  0.22199518
  > # 84  Ante     ned Dubrovnik -0.099837603 -0.05319374

> osobe[osobe$imena=="Ana", 1:2]
# imena postaja
# 1    Ana     pon
# 4    Ana     uto
# 7    Ana     sri
# 10   Ana     cet
# 13   Ana     pet
# 16   Ana     sub
# 19   Ana     ned
# 22   Ana     pon
# 25   Ana     uto
# 28   Ana     sri
# 31   Ana     cet
# 34   Ana     pet
# 37   Ana     sub
# 40   Ana     ned
# 43   Ana     pon
# 46   Ana     uto
# 49   Ana     sri
# 52   Ana     cet
# 55   Ana     pet
# 58   Ana     sub
# 61   Ana     ned
# 64   Ana     pon
# 67   Ana     uto
# 70   Ana     sri
# 73   Ana     cet
# 76   Ana     pet
# 79   Ana     sub
# 82   Ana     ned
attach(osobe)
osobe[imena=="Ana", 1:2]
detach(osobe)

head(osobe[,1:3]) #ispis pocetka podataka
# imena postaja dubina
# 1   Ana     pon  Split
# 2 Ivana     pon  Split
# 3  Ante     pon  Split
# 4   Ana     uto Zagreb
# 5 Ivana     uto Zagreb
# 6  Ante     uto Zagreb
tail(osobe[,-(1:2)]) #ispis kraja podataka
# dubina   slucnorm  slucnorm.1 slucnorm.2 slucnorm.3  slucnorm.4 slucnorm.5   slucnorm.6
# 79    Osijek  1.1226633  0.99052485  0.9849169 -2.2606501  0.09561990  1.4855106  1.569016977
# 80    Osijek  1.6779911 -0.75713095 -2.2896582 -0.2573432 -0.83882576 -0.3375080  1.341667906
# 81    Osijek -1.0403374  0.14057454 -0.4218683 -1.7476711 -1.08131276  0.9107779 -0.294892215
# 82 Dubrovnik  1.5487980  0.45015712 -0.2359571  0.6460182 -0.07973716  1.1260053 -0.711895204
# 83 Dubrovnik -0.8222683  0.22199518 -1.3637401  0.1051728  2.05978292  0.9031554 -0.719472058
# 84 Dubrovnik -0.0998376 -0.05319374  1.0789217  0.5285942 -0.51365592 -0.5633204 -0.005597518
summary(osobe[,1:3]) ##daje osnovne statističke informacije o objektu nad kojim se izvršava
# imena             postaja             dubina         
# Length:84          Length:84          Length:84         
# Class :character   Class :character   Class :character  
# Mode  :character   Mode  :character   Mode  :character 
min(osobe[,3]) #najm el
#"Dubrovnik"
max(osobe[,3]) #najv el
# "Zagreb"
which.min(osobe[,4])##indeks najmanjeg elementa 
# 22
sapply(osobe[,1:3],typeof)
# imena     postaja      dubina 
# "character" "character" "character"
edit(osobe)

pdf("graf.pdf")
x<-rnorm(100)
y<-rnorm(100)
?par
plot(x,y,xlab="x-os",ylab="y-os",type="S",col="red")
dev.off()

x<-seq(-pi,pi,length=50)

f<-outer(x,x,function(x,y)(x^2+y^2))
f

# [,1]      [,2]      [,3]      [,4]      [,5]      [,6]      [,7]      [,8]      [,9]     [,10]     [,11]     [,12]     [,13]     [,14]     [,15]     [,16]     [,17]
# [1,] 19.739209 18.949969 18.193615 17.470145 16.779561 16.121861 15.497046 14.905117 14.346072 13.819913 13.326638 12.866248 12.438743 12.044124 11.682389 11.353539 11.057574
# [2,] 18.949969 18.160730 17.404375 16.680906 15.990321 15.332622 14.707807 14.115877 13.556833 13.030673 12.537398 12.077009 11.649504 11.254884 10.893149 10.564300 10.268335
# [3,] 18.193615 17.404375 16.648021 15.924551 15.233967 14.576267 13.951452 13.359523 12.800478 12.274319 11.781044 11.320654 10.893149 10.498530 10.136795  9.807945  9.511980
# [4,] 17.470145 16.680906 15.924551 15.201082 14.510497 13.852798 13.227983 12.636053 12.077009 11.550849 11.057574 10.597185 10.169680  9.775060  9.413325  9.084476  8.788511
# [5,] 16.779561 15.990321 15.233967 14.510497 13.819913 13.162213 12.537398 11.945469 11.386424 10.860264 10.366990  9.906600  9.479095  9.084476  8.722741  8.393891  8.097926
# [6,] 16.121861 15.332622 14.576267 13.852798 13.162213 12.504513 11.879699 11.287769 10.728724 10.202565  9.709290  9.248900  8.821396  8.426776  8.065041  7.736191  7.440227
# [7,] 15.497046 14.707807 13.951452 13.227983 12.537398 11.879699 11.254884 10.662955 10.103910  9.577750  9.084476  8.624086  8.196581  7.801961  7.440227  7.111377  6.815412
# [8,] 14.905117 14.115877 13.359523 12.636053 11.945469 11.287769 10.662955 10.071025  9.511980  8.985821  8.492546  8.032156  7.604651  7.210032  6.848297  6.519447  6.223482
# [9,] 14.346072 13.556833 12.800478 12.077009 11.386424 10.728724 10.103910  9.511980  8.952936  8.426776  7.933501  7.473112  7.045607  6.650987  6.289252  5.960402  5.664438
# [10,] 13.819913 13.030673 12.274319 11.550849 10.860264 10.202565  9.577750  8.985821  8.426776  7.900616  7.407342  6.946952  6.519447  6.124827  5.763093  5.434243  5.138278
# [11,] 13.326638 12.537398 11.781044 11.057574 10.366990  9.709290  9.084476  8.492546  7.933501  7.407342  6.914067  6.453677  6.026172  5.631553  5.269818  4.940968  4.645003
# [12,] 12.866248 12.077009 11.320654 10.597185  9.906600  9.248900  8.624086  8.032156  7.473112  6.946952  6.453677  5.993287  5.565783  5.171163  4.809428  4.480578  4.184614
# [13,] 12.438743 11.649504 10.893149 10.169680  9.479095  8.821396  8.196581  7.604651  7.045607  6.519447  6.026172  5.565783  5.138278  4.743658  4.381923  4.053074  3.757109
# [14,] 12.044124 11.254884 10.498530  9.775060  9.084476  8.426776  7.801961  7.210032  6.650987  6.124827  5.631553  5.171163  4.743658  4.349039  3.987304  3.658454  3.362489
# [15,] 11.682389 10.893149 10.136795  9.413325  8.722741  8.065041  7.440227  6.848297  6.289252  5.763093  5.269818  4.809428  4.381923  3.987304  3.625569  3.296719  3.000754
# [16,] 11.353539 10.564300  9.807945  9.084476  8.393891  7.736191  7.111377  6.519447  5.960402  5.434243  4.940968  4.480578  4.053074  3.658454  3.296719  2.967869  2.671905
# [17,] 11.057574 10.268335  9.511980  8.788511  8.097926  7.440227  6.815412  6.223482  5.664438  5.138278  4.645003  4.184614  3.757109  3.362489  3.000754  2.671905  2.375940
# [18,] 10.794494 10.005255  9.248900  8.525431  7.834846  7.177147  6.552332  5.960402  5.401358  4.875198  4.381923  3.921534  3.494029  3.099409  2.737675  2.408825  2.112860
# [19,] 10.564300  9.775060  9.018706  8.295236  7.604651  6.946952  6.322137  5.730208  5.171163  4.645003  4.151729  3.691339  3.263834  2.869214  2.507480  2.178630  1.882665
# [20,] 10.366990  9.577750  8.821396  8.097926  7.407342  6.749642  6.124827  5.532898  4.973853  4.447693  3.954419  3.494029  3.066524  2.671905  2.310170  1.981320  1.685355
# [,18]      [,19]      [,20]      [,21]      [,22]     [,23]      [,24]       [,25]       [,26]      [,27]     [,28]      [,29]      [,30]      [,31]      [,32]
# [1,] 10.7944944 10.5642996 10.3669897 10.2025648 10.0710249 9.9723700 9.90660000 9.873715023 9.873715023 9.90660000 9.9723700 10.0710249 10.2025648 10.3669897 10.5642996
# [2,] 10.0052549  9.7750601  9.5777502  9.4133253  9.2817854 9.1831305 9.11736050 9.084475521 9.084475521 9.11736050 9.1831305  9.2817854  9.4133253  9.5777502  9.7750601
# [3,]  9.2489004  9.0187056  8.8213957  8.6569708  8.5254309 8.4267759 8.36100598 8.328120998 8.328120998 8.36100598 8.4267759  8.5254309  8.6569708  8.8213957  9.0187056
# [4,]  8.5254309  8.2952360  8.0979261  7.9335012  7.8019613 7.7033064 7.63753643 7.604651454 7.604651454 7.63753643 7.7033064  7.8019613  7.9335012  8.0979261  8.2952360
# [5,]  7.8348463  7.6046515  7.4073416  7.2429167  7.1113768 7.0127218 6.94695187 6.914066890 6.914066890 6.94695187 7.0127218  7.1113768  7.2429167  7.4073416  7.6046515
# [6,]  7.1771467  6.9469519  6.7496420  6.5852171  6.4536772 6.3550222 6.28925228 6.256367305 6.256367305 6.28925228 6.3550222  6.4536772  6.5852171  6.7496420  6.9469519
# [7,]  6.5523321  6.3221373  6.1248274  5.9604025  5.8288626 5.7302076 5.66443768 5.631552699 5.631552699 5.66443768 5.7302076  5.8288626  5.9604025  6.1248274  6.3221373
# [8,]  5.9604025  5.7302076  5.5328978  5.3684729  5.2369329 5.1382780 5.07250805 5.039623072 5.039623072 5.07250805 5.1382780  5.2369329  5.3684729  5.5328978  5.7302076
# [9,]  5.4013578  5.1711630  4.9738531  4.8094282  4.6778883 4.5792334 4.51346340 4.480578424 4.480578424 4.51346340 4.5792334  4.6778883  4.8094282  4.9738531  5.1711630
# [10,]  4.8751982  4.6450033  4.4476934  4.2832685  4.1517286 4.0530737 3.98730374 3.954418756 3.954418756 3.98730374 4.0530737  4.1517286  4.2832685  4.4476934  4.6450033
# [11,]  4.3819235  4.1517286  3.9544188  3.7899939  3.6584539 3.5597990 3.49402905 3.461144067 3.461144067 3.49402905 3.5597990  3.6584539  3.7899939  3.9544188  4.1517286
# [12,]  3.9215338  3.6913389  3.4940290  3.3296042  3.1980642 3.0994093 3.03363934 3.000754358 3.000754358 3.03363934 3.0994093  3.1980642  3.3296042  3.4940290  3.6913389
# [13,]  3.4940290  3.2638342  3.0665243  2.9020994  2.7705595 2.6719046 2.60613461 2.573249627 2.573249627 2.60613461 2.6719046  2.7705595  2.9020994  3.0665243  3.2638342
# [14,]  3.0994093  2.8692144  2.6719046  2.5074797  2.3759398 2.2772848 2.21151486 2.178629876 2.178629876 2.21151486 2.2772848  2.3759398  2.5074797  2.6719046  2.8692144
# [15,]  2.7376745  2.5074797  2.3101698  2.1457449  2.0142050 1.9155500 1.84978008 1.816895104 1.816895104 1.84978008 1.9155500  2.0142050  2.1457449  2.3101698  2.5074797
# [16,]  2.4088247  2.1786299  1.9813200  1.8168951  1.6853552 1.5867002 1.52093029 1.488045312 1.488045312 1.52093029 1.5867002  1.6853552  1.8168951  1.9813200  2.1786299
# [17,]  2.1128599  1.8826651  1.6853552  1.5209303  1.3893904 1.2907354 1.22496548 1.192080498 1.192080498 1.22496548 1.2907354  1.3893904  1.5209303  1.6853552  1.8826651
# [18,]  1.8497801  1.6195852  1.4222754  1.2578505  1.1263105 1.0276556 0.96188564 0.929000664 0.929000664 0.96188564 1.0276556  1.1263105  1.2578505  1.4222754  1.6195852
# [19,]  1.6195852  1.3893904  1.1920805  1.0276556  0.8961157 0.7974607 0.73169079 0.698805809 0.698805809 0.73169079 0.7974607  0.8961157  1.0276556  1.1920805  1.3893904
# [20,]  1.4222754  1.1920805  0.9947706  0.8303457  0.6988058 0.6001509 0.53438091 0.501495934 0.501495934 0.53438091 0.6001509  0.6988058  0.8303457  0.9947706  1.1920805
# [,33]     [,34]     [,35]     [,36]     [,37]     [,38]     [,39]     [,40]     [,41]     [,42]     [,43]     [,44]     [,45]     [,46]     [,47]     [,48]     [,49]
# [1,] 10.7944944 11.057574 11.353539 11.682389 12.044124 12.438743 12.866248 13.326638 13.819913 14.346072 14.905117 15.497046 16.121861 16.779561 17.470145 18.193615 18.949969
# [2,] 10.0052549 10.268335 10.564300 10.893149 11.254884 11.649504 12.077009 12.537398 13.030673 13.556833 14.115877 14.707807 15.332622 15.990321 16.680906 17.404375 18.160730
# [3,]  9.2489004  9.511980  9.807945 10.136795 10.498530 10.893149 11.320654 11.781044 12.274319 12.800478 13.359523 13.951452 14.576267 15.233967 15.924551 16.648021 17.404375
# [4,]  8.5254309  8.788511  9.084476  9.413325  9.775060 10.169680 10.597185 11.057574 11.550849 12.077009 12.636053 13.227983 13.852798 14.510497 15.201082 15.924551 16.680906
# [5,]  7.8348463  8.097926  8.393891  8.722741  9.084476  9.479095  9.906600 10.366990 10.860264 11.386424 11.945469 12.537398 13.162213 13.819913 14.510497 15.233967 15.990321
# [6,]  7.1771467  7.440227  7.736191  8.065041  8.426776  8.821396  9.248900  9.709290 10.202565 10.728724 11.287769 11.879699 12.504513 13.162213 13.852798 14.576267 15.332622
# [7,]  6.5523321  6.815412  7.111377  7.440227  7.801961  8.196581  8.624086  9.084476  9.577750 10.103910 10.662955 11.254884 11.879699 12.537398 13.227983 13.951452 14.707807
# [8,]  5.9604025  6.223482  6.519447  6.848297  7.210032  7.604651  8.032156  8.492546  8.985821  9.511980 10.071025 10.662955 11.287769 11.945469 12.636053 13.359523 14.115877
# [9,]  5.4013578  5.664438  5.960402  6.289252  6.650987  7.045607  7.473112  7.933501  8.426776  8.952936  9.511980 10.103910 10.728724 11.386424 12.077009 12.800478 13.556833
# [10,]  4.8751982  5.138278  5.434243  5.763093  6.124827  6.519447  6.946952  7.407342  7.900616  8.426776  8.985821  9.577750 10.202565 10.860264 11.550849 12.274319 13.030673
# [11,]  4.3819235  4.645003  4.940968  5.269818  5.631553  6.026172  6.453677  6.914067  7.407342  7.933501  8.492546  9.084476  9.709290 10.366990 11.057574 11.781044 12.537398
# [12,]  3.9215338  4.184614  4.480578  4.809428  5.171163  5.565783  5.993287  6.453677  6.946952  7.473112  8.032156  8.624086  9.248900  9.906600 10.597185 11.320654 12.077009
# [13,]  3.4940290  3.757109  4.053074  4.381923  4.743658  5.138278  5.565783  6.026172  6.519447  7.045607  7.604651  8.196581  8.821396  9.479095 10.169680 10.893149 11.649504
# [14,]  3.0994093  3.362489  3.658454  3.987304  4.349039  4.743658  5.171163  5.631553  6.124827  6.650987  7.210032  7.801961  8.426776  9.084476  9.775060 10.498530 11.254884
# [15,]  2.7376745  3.000754  3.296719  3.625569  3.987304  4.381923  4.809428  5.269818  5.763093  6.289252  6.848297  7.440227  8.065041  8.722741  9.413325 10.136795 10.893149
# [16,]  2.4088247  2.671905  2.967869  3.296719  3.658454  4.053074  4.480578  4.940968  5.434243  5.960402  6.519447  7.111377  7.736191  8.393891  9.084476  9.807945 10.564300
# [17,]  2.1128599  2.375940  2.671905  3.000754  3.362489  3.757109  4.184614  4.645003  5.138278  5.664438  6.223482  6.815412  7.440227  8.097926  8.788511  9.511980 10.268335
# [18,]  1.8497801  2.112860  2.408825  2.737675  3.099409  3.494029  3.921534  4.381923  4.875198  5.401358  5.960402  6.552332  7.177147  7.834846  8.525431  9.248900 10.005255
# [19,]  1.6195852  1.882665  2.178630  2.507480  2.869214  3.263834  3.691339  4.151729  4.645003  5.171163  5.730208  6.322137  6.946952  7.604651  8.295236  9.018706  9.775060
# [20,]  1.4222754  1.685355  1.981320  2.310170  2.671905  3.066524  3.494029  3.954419  4.447693  4.973853  5.532898  6.124827  6.749642  7.407342  8.097926  8.821396  9.577750
# [,50]
# [1,] 19.739209
# [2,] 18.949969
# [3,] 18.193615
# [4,] 17.470145
# [5,] 16.779561
# [6,] 16.121861
# [7,] 15.497046
# [8,] 14.905117
# [9,] 14.346072
# [10,] 13.819913
# [11,] 13.326638
# [12,] 12.866248
# [13,] 12.438743
# [14,] 12.044124
# [15,] 11.682389
# [16,] 11.353539
# [17,] 11.057574
# [18,] 10.794494
# [19,] 10.564300
# [20,] 10.366990
# [ reached getOption("max.print") -- omitted 30 rows ]
contour(x,x,f)

image(f)
persp(x,x,f)


